[AlphaChar 'B']
Line=0.0;0.0;0.0;100.0
Line=0.0;0.0;20.0;0.0
Line=0.0;40.0;20.0;40.0
Line=0.0;100.0;20.0;100.0
Arc=20.0;20.0;20.0;-1.5707963267948966;1.5707963267948966
Arc=20.0;70.0;30.0;-1.5707963267948966;1.5707963267948966

[AlphaChar 'M']
PolyLine=0.0;100.0;0.0;0.0;35.0;60.0;70.0;0.0;70.0;100.0

[AlphaChar 'X']
Line=0.0;0.0;50.0;100.0
Line=50.0;0.0;0.0;100.0

[AlphaChar 'x']
Line=0.0;40.0;50.0;100.0
Line=50.0;40.0;0.0;100.0

